0; 7
0; 18
0; 21
0; 17
0; 1
0; 27
0; 24
0; 9
0; 49
0; 12
0; 4
0; 85
0; 24
0; 8
0; 7
0; 22
0; 35
0; 8
0; 24
0; 19
0; 25
0; 45
0; 37
0; 6
0; 16
0; 31
0; 60
0; 18
0; 17
0; 30
0; 9
0; 1
0; 20
0; 28
0; 1
0; 1
0; 7
0; 8
0; 19
0; 8
3961; 14
96692; 24
35209; 53
54128; 37
49510; 15
16741; 25
41614; 19
95228; 31
40659; 21
99702; 21
66341; 22
18992; 13
43990; 13
70459; 22
52748; 15
56288; 22
80411; 17
25659; 15
10899; 28
8644; 13
75907; 1
57336; 29
60969; 9
2474; 18
68003; 5
9693; 9
1306; 24
98524; 1
62093; 18
69442; 17
7804; 15
69444; 31
56767; 31
15085; 22
96220; 3
83368; 19
82275; 32
75516; 41
4080; 28
56408; 27
21281; 12
73364; 30
73802; 8
61924; 21
6029; 14
53434; 12
43701; 23
9491; 19
11082; 17
21662; 12
78490; 28
31437; 10
85755; 1
44956; 20
95936; 33
39843; 18
95397; 1
87334; 16
71303; 41
41904; 22
65660; 28
82725; 19
26224; 8
26530; 13
48887; 13
69849; 9
33646; 33
60089; 28
56767; 21
39542; 27
95488; 23
54177; 46
28406; 31
69941; 19
74642; 51
93303; 41
27928; 18
49899; 26
87977; 11
35388; 24
90782; 25
16030; 53
91970; 3
22956; 32
62862; 26
53781; 20
17613; 24
67924; 22
1607; 24
37904; 18
36230; 31
97866; 1
33203; 28
12737; 20
62856; 31
76651; 23
85042; 19
37673; 31
28809; 37
37343; 1
37565; 35
48210; 28
80092; 18
90252; 24
64644; 35
7981; 29
83280; 12
94030; 22
56628; 16
52136; 34
45522; 5
2702; 17
45206; 22
47491; 10
80298; 18
26516; 29
74227; 12
19809; 1
75582; 21
69515; 6
85606; 16
23630; 27
46030; 17
31711; 4
14472; 18
55012; 7
75869; 14
88752; 29
12683; 21
32603; 1
84084; 16
86987; 8
44869; 27
97409; 11
68586; 19
16793; 21
26119; 14
6670; 13
10966; 35
52087; 36
95472; 22
22213; 22
48503; 8
68881; 25
44343; 26
18693; 25
45046; 13
80798; 23
44033; 1
62103; 16
17430; 17
54423; 33
41447; 8
33941; 23
99043; 25
92387; 12
17184; 38
1428; 27
47211; 25
97067; 22
25119; 25
59171; 8
26021; 23
52807; 19
57626; 25
92656; 23
21231; 19
89535; 14
5590; 41
38963; 22
68909; 3
15670; 19
7331; 13
45101; 1
4436; 22
33226; 23
5601; 14
49333; 12
63524; 10
72975; 17
56771; 11
35913; 36
91874; 14
12587; 47
61379; 24
38597; 11
45126; 20
65617; 35
10148; 23
93334; 30
85746; 26
54244; 31
64636; 24
65519; 29
8472; 19
3647; 35
16653; 9
2214; 22
50980; 18
20903; 31
95578; 36
84705; 13
71398; 13
46311; 28
17731; 39
81804; 11
99311; 43
90015; 21
96928; 21
29278; 16
91907; 34
91840; 34
60367; 25
85801; 25
51884; 22
67205; 29
38976; 35
40810; 40
88784; 13
27023; 38
26385; 19
74670; 10
30371; 13
84472; 56
25630; 30
96523; 19
15715; 23
86528; 13
27764; 1
10226; 31
26602; 19
33148; 26
91491; 30
83756; 24
38930; 20
72001; 31
17971; 18
22483; 1
713; 29
81627; 17
39945; 22
71694; 55
68355; 5
80926; 35
69304; 18
98767; 17
57809; 22
27858; 18
72262; 40
30369; 1
92287; 21
95250; 23
66256; 11
45097; 10
53143; 32
36603; 5
57723; 33
46919; 14
65577; 21
79776; 14
64896; 18
69832; 20
75808; 22
11463; 6
94751; 31
89117; 18
1335; 6
40320; 17
68257; 18
39579; 26
60953; 17
51668; 39
13062; 15
66169; 22
16146; 38
91634; 20
67751; 2
57374; 33
80504; 16
43633; 29
66836; 27
36769; 16
78805; 10
85092; 5
590; 27
13120; 8
62404; 2
37277; 11
68897; 21
14426; 26
12564; 10
46149; 17
73229; 23
56298; 18
88376; 14
57112; 15
15914; 18
20056; 22
901; 12
71559; 8
820; 17
40942; 1
20189; 24
98097; 11
54609; 4
31837; 15
46794; 11
36357; 14
12685; 21
92874; 16
4450; 20
56254; 11
38994; 39
82332; 1
35524; 27
60615; 24
73804; 15
49212; 20
5909; 24
44051; 26
28612; 18
52876; 25
50982; 31
85958; 20
72318; 23
20142; 18
19274; 24
40556; 5
77799; 5
15231; 5
95496; 33
11842; 44
23044; 16
22950; 19
9549; 32
26348; 19
65960; 18
70504; 22
63177; 25
41607; 25
37017; 12
38329; 22
30885; 32
53199; 15
18860; 23
35332; 20
16777; 22
88288; 1
7030; 35
38941; 13
73946; 27
98520; 23
70935; 28
25332; 27
18061; 1
90195; 24
59211; 8
40254; 23
91789; 33
54576; 25
18614; 10
85816; 31
61696; 23
86258; 20
20592; 23
23641; 24
54263; 19
2458; 32
14655; 43
19775; 2
62662; 17
1137; 15
52715; 16
81741; 16
80925; 20
20832; 23
53505; 6
63125; 1
47166; 16
90098; 23
1242; 17
36092; 1
2464; 22
79444; 24
97664; 15
57219; 22
97084; 1
93655; 1
11579; 13
77027; 26
648; 11
67397; 17
95076; 25
68625; 11
97911; 14
51979; 43
60527; 24
75831; 23
76783; 28
6190; 19
37530; 12
6175; 10
40228; 33
29067; 4
53934; 42
19174; 22
98690; 10
97523; 25
10074; 25
85267; 27
24687; 5
96685; 28
40375; 43
15798; 20
76198; 1
55870; 27
81450; 33
89445; 9
20511; 26
28067; 18
90841; 10
25478; 12
15145; 20
75816; 22
85541; 50
79241; 1
27506; 32
51392; 35
94442; 26
60246; 5
99906; 31
84159; 23
43838; 9
98277; 13
91594; 19
13012; 24
20136; 27
7880; 25
54430; 19
26776; 18
78915; 21
26643; 12
23857; 25
460; 5
94459; 12
27656; 24
31793; 27
40263; 14
68928; 19
31529; 40
73100; 24
75211; 18
45283; 10
68374; 28
82266; 16
58327; 13
93126; 24
65133; 7
1929; 13
65216; 8
61582; 30
58641; 23
49906; 13
2958; 13
18373; 13
59827; 31
16342; 23
67202; 25
19217; 26
19423; 31
47648; 15
10354; 16
76696; 17
70593; 17
98837; 33
8736; 26
22736; 25
48861; 8
60928; 25
41623; 13
83838; 23
14725; 19
95039; 16
20048; 26
13192; 12
29359; 18
29814; 21
28241; 1
48834; 13
58790; 21
3837; 36
65633; 10
91968; 16
6929; 5
59651; 27
2280; 1
24601; 3
2866; 4
21043; 1
85610; 49
10631; 39
92805; 15
10226; 29
61402; 30
49537; 13
12034; 5
86558; 1
96845; 24
76790; 29
37325; 15
13446; 34
18619; 24
30149; 23
45144; 10
85062; 21
3844; 18
25973; 28
26075; 32
69533; 1
86817; 25
14683; 1
30840; 27
50217; 38
69413; 20
9526; 33
48303; 30
71736; 13
48045; 31
7778; 9
40859; 26
22381; 16
95077; 42
48518; 21
87592; 22
9552; 11
57572; 22
76132; 17
10587; 14
9846; 25
61272; 34
3667; 23
84804; 27
471; 20
32706; 28
95187; 53
56884; 5
3584; 24
77297; 14
11279; 25
23291; 30
233; 23
76385; 14
86825; 30
43178; 1
95514; 20
91034; 29
35208; 6
86364; 46
41600; 19
85528; 38
98080; 27
41818; 28
50279; 27
8436; 29
84825; 12
37036; 32
51641; 17
94151; 22
70875; 30
43700; 14
80547; 24
72774; 38
49006; 20
70024; 20
97541; 14
1254; 18
52760; 18
65152; 34
75819; 25
53657; 49
96134; 29
86024; 13
10918; 31
33469; 18
98675; 28
2088; 21
34755; 32
95813; 16
90119; 17
38243; 27
40657; 24
92476; 13
13727; 25
81426; 20
51023; 1
77637; 28
72434; 13
1202; 11
84264; 30
37183; 25
86984; 21
59777; 6
2651; 23
29505; 32
60161; 8
11805; 14
47727; 20
50672; 11
66279; 19
19390; 15
94905; 1
61854; 19
10058; 37
32670; 21
83905; 23
41913; 26
24035; 6
11371; 35
6675; 6
53025; 9
98642; 27
87729; 24
59419; 21
32241; 23
64105; 37
96164; 28
90388; 2
46873; 21
68285; 3
20094; 26
69; 17
76595; 27
19625; 26
31297; 26
75418; 36
10146; 25
89324; 43
22184; 26
64762; 26
69535; 29
91887; 17
56398; 14
25033; 9
99626; 9
88192; 19
88120; 1
97956; 5
86010; 34
80219; 33
25469; 15
96842; 28
89034; 15
91562; 19
38392; 34
10620; 3
6900; 12
52894; 25
36434; 20
56761; 32
5704; 18
36502; 13
66779; 10
39711; 2
79323; 39
9041; 47
7946; 15
96503; 18
27025; 24
96654; 17
59544; 32
36164; 24
61706; 16
81583; 31
53463; 15
4572; 20
86638; 14
74426; 13
36896; 4
31398; 19
3619; 6
31178; 33
2591; 28
40778; 36
40414; 14
9191; 1
66708; 22
32343; 1
10384; 24
81193; 33
19687; 24
64270; 14
42184; 22
51517; 7
508; 34
94972; 24
42435; 1
43673; 43
69735; 22
65081; 11
79242; 21
53400; 8
81737; 12
26360; 25
99461; 23
86346; 30
81480; 27
49188; 9
17611; 9
24517; 16
76266; 17
65251; 27
39298; 13
90626; 15
57834; 21
27091; 24
7076; 12
4495; 29
75184; 35
91143; 44
81598; 17
50643; 9
83545; 26
55906; 23
95982; 19
1199; 24
19850; 15
11889; 26
46258; 23
63287; 8
80130; 4
84971; 16
5798; 34
45025; 16
99208; 8
79815; 1
76619; 14
59262; 14
58078; 6
54976; 26
15445; 17
9221; 28
69375; 16
86349; 19
97425; 14
25161; 21
16313; 10
594; 1
5391; 8
46217; 29
45486; 25
85172; 4
57552; 37
66555; 20
38926; 44
6646; 24
11511; 5
89971; 12
15807; 6
93877; 15
7501; 20
62098; 20
39176; 16
67763; 28
38718; 15
74332; 11
28121; 1
24152; 9
61660; 15
58646; 41
748; 11
1580; 4
84347; 16
17416; 19
98368; 15
90471; 22
95321; 16
57396; 57
66283; 3
65434; 28
21316; 13
22003; 22
91558; 19
47307; 25
26479; 12
41031; 8
23173; 26
26583; 14
91052; 5
41945; 15
24948; 21
4857; 23
32382; 35
91895; 21
36621; 16
35940; 6
56174; 26
64590; 27
43486; 30
73280; 29
50854; 5
51171; 13
79964; 22
55322; 4
62951; 9
59224; 25
17515; 28
85460; 2
16381; 16
69079; 32
12266; 22
88213; 9
63521; 16
41525; 33
12753; 24
48272; 16
80968; 27
96093; 14
53174; 23
64049; 15
47876; 13
4038; 17
82526; 26
72377; 1
69751; 28
65168; 32
5040; 24
26007; 8
35612; 26
62659; 25
32278; 2
30520; 25
21386; 31
14987; 31
72309; 29
72323; 18
77449; 14
69140; 13
6337; 29
94351; 36
63194; 30
4221; 33
28173; 15
1118; 24
16511; 31
39610; 22
46955; 12
99764; 17
71082; 1
66805; 30
78489; 29
8737; 15
59373; 25
49102; 24
75610; 38
90742; 20
64217; 1
58231; 4
72963; 28
91611; 39
6878; 28
42111; 10
46570; 11
91726; 13
84480; 34
42854; 24
13603; 22
1632; 19
94711; 21
9156; 51
22729; 11
58498; 31
10669; 23
72221; 10
10433; 21
5040; 32
93752; 17
79360; 12
23705; 22
57577; 27
57486; 27
4400; 16
34475; 18
94830; 15
20176; 9
79048; 28
96204; 32
24133; 31
9273; 30
14346; 18
17997; 19
6672; 22
5339; 22
6362; 20
56652; 39
48414; 20
38524; 32
45261; 19
52023; 11
88348; 32
75413; 23
71883; 24
56087; 29
40694; 44
59162; 39
50987; 33
31114; 12
72706; 10
90796; 27
55281; 6
17323; 3
24729; 39
64572; 1
79404; 21
95414; 26
4126; 23
95285; 12
27972; 28
94376; 33
9737; 6
416; 1
46850; 28
19954; 30
68502; 26
25015; 14
91789; 45
4158; 23
90885; 25
22197; 1
53550; 26
1231; 26
76746; 21
27160; 11
83680; 24
80432; 31
28299; 26
87597; 25
90066; 12
91051; 21
51798; 20
38408; 19
96408; 27
38; 10
54586; 22
33586; 30
84762; 18
27631; 19
69158; 21
73192; 27
65276; 27
31383; 16
60870; 18
88282; 12
42282; 12
13972; 35
935; 22
71695; 27
70863; 25
55192; 13
11350; 14
67589; 22
23048; 20
93501; 15
13402; 12
57612; 14
7777; 34
7536; 9
36366; 21
6597; 28
13767; 36
72970; 8
68079; 15
55686; 35
69426; 1
95110; 29
53985; 13
75747; 10
38959; 25
42626; 1
76326; 17
19006; 39
98799; 22
32791; 30
70102; 1
31759; 8
63502; 42
43646; 25
57447; 24
16069; 36
55267; 15
53452; 37
7057; 21
53332; 32
36185; 3
32840; 21
50317; 19
27609; 19
47400; 21
40046; 19
10764; 25
11604; 16
24285; 15
94611; 11
28523; 8
3192; 24
81798; 20
29956; 24
86364; 16
25379; 16
89153; 32
50194; 34
69017; 31
27580; 33
77936; 29
41608; 22
12382; 25
51124; 34
52822; 4
14146; 20
24287; 20
46852; 4
99026; 27
73352; 12
83412; 17
57722; 27
5624; 25
48113; 21
48046; 16
4297; 12
48898; 27
24607; 24
31304; 6
36004; 4
4828; 32
61858; 53
24433; 19
36074; 24
84892; 25
89272; 17
74881; 30
93031; 15
14292; 29
11555; 28
50730; 12
76633; 22
96768; 19
71402; 20
48164; 31
81156; 17
35126; 11
45346; 14
23596; 22
23904; 1
1628; 6
73155; 12
57107; 13
11844; 31
77381; 23
46172; 19
78818; 11
14250; 12
4863; 20
4993; 8
14861; 1
4255; 20
22741; 10
21858; 50
34572; 22
57189; 26
77100; 20
68163; 36
5544; 1
18604; 34
28242; 23
92473; 1
88206; 33
79877; 17
97183; 25
59431; 26
26529; 9
24272; 16
21000; 20
24950; 33
16538; 31
31363; 19
11155; 16
48089; 1
59246; 26
52696; 29
33954; 21
64978; 23
29662; 18
96599; 23
57261; 15
75226; 1
18506; 36
85012; 14
32629; 22
16150; 12
28281; 12
70232; 21
6970; 9
25265; 29
30333; 12
24477; 9
82915; 19
16386; 27
14547; 12
40142; 12
72006; 23
19762; 27
88314; 13
3645; 30
9852; 13
61615; 15
6418; 29
30761; 16
27400; 7
83477; 34
38467; 18
76317; 22
97447; 24
26727; 29
5535; 13
56154; 10
554; 12
32703; 20
42624; 11
44248; 18
79487; 5
33790; 19
68614; 19
32859; 13
76325; 33
35870; 16
70325; 28
68629; 21
71388; 13
17529; 13
32343; 14
2498; 35
68117; 11
96404; 25
69235; 25
16331; 19
93043; 27
38073; 1
41812; 4
14159; 33
4997; 21
7862; 23
64070; 27
90910; 25
32694; 16
90973; 23
32445; 22
16530; 28
84825; 12
31323; 42
34042; 39
98382; 23
1819; 42
64472; 24
15452; 19
9811; 18
43391; 30
45052; 4
18822; 24
97768; 13
31033; 19
94058; 12
16800; 26
7386; 18
89581; 31
16427; 24
3012; 23
86394; 21
57004; 6
64265; 11
19693; 12
57262; 11
56548; 33
46130; 25
29137; 25
69966; 24
50386; 36
7756; 25
60574; 27
73271; 21
18903; 16
34607; 21
89154; 31
67406; 21
34768; 27
51660; 8
28638; 10
26042; 23
25924; 28
20790; 32
44472; 14
452; 21
46640; 36
61177; 6
18861; 20
43738; 5
774; 18
43087; 40
24493; 24
18032; 23
86368; 32
30456; 2
88552; 23
72551; 14
55741; 22
72637; 26
53663; 21
5393; 1
10193; 18
70726; 1
67407; 13
46977; 12
73489; 17
68831; 6
57044; 29
28004; 63
13239; 30
45704; 29
71092; 15
19842; 18
4330; 30
7098; 16
94397; 14
60216; 46
53543; 23
4263; 12
68333; 23
2101; 1
29503; 25
28956; 19
72782; 21
48700; 20
67094; 1
60365; 8
51524; 10
62406; 19
40481; 28
64332; 23
87680; 28
60636; 32
23892; 18
70265; 11
60855; 21
36428; 15
84280; 20
76142; 26
42616; 31
66683; 19
75022; 17
56973; 21
11947; 32
95959; 38
24792; 17
77142; 1
97316; 16
8698; 24
40742; 18
31988; 13
77010; 35
27768; 17
70136; 21
69041; 27
94361; 38
2235; 25
89586; 22
64292; 19
69515; 1
72228; 24
16014; 11
53883; 34
14376; 26
23805; 42
58490; 30
46619; 25
82378; 34
71709; 21
55093; 13
67689; 37
9713; 30
32895; 1
63921; 1
8978; 20
29663; 10
78732; 39
2399; 26
86373; 27
66671; 45
78761; 22
54031; 35
29447; 16
41802; 1
73898; 19
86723; 15
53914; 23
46217; 16
41986; 24
51827; 20
92238; 3
64325; 20
43571; 21
58049; 34
82802; 1
53227; 19
60799; 5
39351; 22
43015; 12
10114; 5
67333; 1
60995; 10
76746; 40
84245; 14
92161; 2
32875; 25
91492; 13
15161; 18
65208; 11
24264; 36
25646; 33
3754; 13
57621; 32
99124; 9
11284; 20
47855; 29
54642; 12
16124; 38
22832; 1
98965; 28
23931; 1
62497; 16
87032; 40
21775; 28
67258; 1
15888; 11
54571; 21
63121; 21
68432; 15
53317; 20
58791; 32
62001; 11
75371; 21
51420; 24
11838; 1
57315; 6
79202; 7
47088; 16
13681; 11
74943; 26
78271; 26
52656; 24
74350; 22
827; 22
39972; 7
44777; 18
74811; 30
71682; 21
98269; 18
71133; 21
16867; 27
39975; 20
49808; 45
44101; 13
37458; 25
94830; 24
36515; 16
15544; 12
87766; 22
45478; 25
27556; 12
51838; 6
2518; 21
98905; 19
38572; 37
53302; 27
9865; 22
88341; 18
51053; 19
87148; 31
57229; 27
34218; 22
19766; 5
28117; 27
53528; 7
44252; 21
81107; 22
25914; 4
53142; 28
84280; 15
290; 36
43602; 12
32029; 16
76496; 34
20238; 18
36094; 18
31377; 19
6724; 18
88; 19
62874; 31
69179; 32
47380; 26
56190; 16
54095; 13
45130; 9
27740; 35
43491; 12
74193; 31
89225; 26
8183; 15
40201; 14
52156; 23
29456; 28
40027; 34
23624; 25
72597; 15
79007; 8
17612; 23
50048; 20
46751; 14
68309; 21
54263; 10
76584; 1
7567; 33
72389; 25
38780; 14
87849; 16
98004; 12
8855; 18
54087; 20
15375; 15
46698; 19
6951; 14
64695; 16
62638; 15
50123; 7
73043; 32
4598; 16
73610; 40
5394; 22
2944; 16
22269; 26
7698; 36
62851; 21
16453; 23
64370; 26
8988; 4
92569; 10
14517; 34
4840; 5
82667; 19
83925; 30
84394; 8
50983; 21
16522; 26
22373; 4
3206; 1
83210; 20
10404; 8
12559; 25
15285; 8
10069; 19
1544; 4
41927; 24
83687; 32
45200; 26
98623; 8
3939; 28
41283; 20
37872; 45
62471; 23
25076; 21
91798; 19
13716; 48
96297; 15
64732; 23
36198; 24
7327; 36
33337; 9
82161; 36
24824; 26
93340; 22
34815; 21
89614; 31
60650; 35
47654; 14
36093; 34
35799; 22
4054; 18
95423; 41
3921; 25
88813; 22
54513; 20
27462; 20
92665; 19
12685; 9
9590; 17
91709; 20
12405; 20
56665; 8
26611; 26
91379; 12
46792; 24
1407; 42
37436; 19
46462; 33
83566; 1
31186; 34
91686; 17
187; 6
45611; 19
26279; 22
28848; 2
77115; 8
35443; 23
94666; 24
4626; 25
24479; 16
31027; 27
87184; 18
21941; 56
93433; 12
95804; 32
65269; 34
41965; 19
41832; 20
90831; 46
15440; 18
75579; 17
65195; 19
1907; 10
29654; 22
80648; 15
87490; 19
19596; 1
95677; 28
15510; 20
68381; 13
35023; 27
66613; 8
24054; 28
8570; 13
39336; 22
3729; 15
52788; 31
59890; 26
39730; 28
11720; 20
25294; 7
71776; 23
29923; 39
10548; 19
24441; 10
30761; 30
77964; 28
13001; 29
57770; 32
74637; 22
19281; 14
2121; 23
6418; 21
87917; 15
67843; 1
27614; 38
82998; 21
10251; 1
83339; 14
65419; 4
48797; 23
14418; 28
57255; 20
9547; 22
65704; 22
35554; 24
5748; 15
90348; 17
83255; 33
58240; 11
82206; 19
38335; 16
86175; 29
93100; 23
47372; 1
37721; 15
52815; 41
99556; 9
59945; 33
38788; 18
99883; 7
36355; 5
75532; 16
23250; 14
13842; 52
46544; 19
66843; 23
41736; 5
94377; 15
8507; 23
3028; 33
67541; 8
60321; 8
9709; 38
51043; 30
35788; 33
93429; 21
24800; 23
86922; 33
62122; 29
20388; 42
4710; 4
29878; 26
60113; 26
58458; 30
8371; 16
37082; 22
1469; 3
75135; 15
33719; 4
22049; 20
88230; 21
37216; 11
29609; 12
84495; 31
31062; 1
49677; 23
95282; 35
64572; 11
52813; 28
9733; 22
99032; 18
59354; 23
61447; 1
26485; 32
72704; 21
64491; 14
61519; 26
81537; 26
63675; 11
28893; 19
98318; 8
30982; 15
50945; 10
35355; 25
53823; 17
74134; 32
56995; 3
45003; 20
38615; 1
39413; 14
12034; 31
68460; 30
48876; 18
62757; 3
52293; 30
51610; 17
82635; 22
58970; 11
58996; 31
88862; 12
34373; 20
11376; 22
69649; 26
1809; 27
12160; 21
30190; 20
18299; 25
46147; 19
46438; 24
54978; 30
86378; 1
34780; 9
84603; 14
1615; 24
70813; 22
89972; 24
90529; 11
79113; 19
994; 1
62455; 20
93164; 23
26722; 18
61286; 30
80373; 22
53352; 24
46698; 36
694; 16
15960; 27
43008; 14
33110; 31
36335; 23
82836; 18
55796; 11
22099; 2
82359; 26
1817; 15
93451; 30
13963; 27
60951; 18
98130; 22
96878; 33
42469; 17
77067; 11
17916; 20
16173; 15
91772; 27
63528; 14
76917; 19
38711; 30
86351; 18
28127; 15
79247; 4
19434; 52
4324; 46
59391; 15
69114; 33
82482; 29
89559; 20
72619; 16
3406; 14
88313; 1
62957; 13
2861; 16
58027; 15
85445; 62
58306; 23
76460; 16
5858; 17
90963; 16
33083; 26
17815; 25
29256; 17
68935; 8
29614; 7
72981; 28
54969; 26
877; 10
86968; 20
56778; 46
24355; 25
67395; 23
28980; 55
55018; 22
36808; 41
85173; 46
78794; 13
38519; 12
29265; 30
68414; 15
75314; 14
70522; 20
79706; 4
8897; 5
91965; 30
14170; 28
47510; 12
93787; 6
83134; 1
71682; 34
88589; 19
5333; 19
8700; 12
11858; 38
8159; 28
71592; 12
12036; 7
67567; 35
39069; 33
62339; 20
51875; 15
9849; 53
58552; 9
49273; 15
13427; 10
30278; 31
81307; 19
74690; 28
49142; 29
88218; 42
91797; 23
97746; 10
24515; 31
4623; 13
3642; 15
12446; 25
69305; 11
9020; 9
59025; 29
56523; 20
59581; 15
71301; 4
5974; 24
55321; 17
80968; 34
74990; 48
16419; 35
69844; 1
48500; 14
13602; 17
32930; 15
43088; 19
83447; 13
16751; 31
56999; 33
63830; 30
72539; 1
37633; 15
16784; 21
91978; 26
59945; 28
58541; 13
77182; 38
14650; 30
47418; 11
96041; 25
80143; 20
27111; 47
2994; 16
12451; 30
28100; 11
57704; 28
3628; 16
65270; 20
48406; 42
80934; 30
62166; 25
51188; 28
1689; 21
87821; 14
14032; 18
26324; 18
21980; 28
7681; 17
64044; 20
9339; 12
1543; 23
471; 6
18715; 33
99045; 6
58267; 15
63837; 10
54464; 10
63169; 28
48530; 9
24000; 32
97105; 31
79910; 12
13415; 27
4634; 28
13016; 41
38918; 10
71176; 14
92868; 31
37368; 33
33346; 26
93835; 23
46549; 32
89820; 1
99620; 13
30815; 12
11918; 7
53055; 26
86551; 23
67482; 32
45825; 25
14557; 22
60444; 23
31505; 1
61644; 28
97021; 28
77843; 65
84906; 12
43002; 6
27774; 6
82541; 1
64708; 23
94490; 31
22616; 16
8514; 18
60061; 10
23472; 15
84452; 24
95407; 14
38736; 1
72155; 31
42127; 35
48208; 28
60888; 15
44040; 25
79835; 1
97772; 33
42964; 25
93914; 8
32502; 32
43808; 21
59660; 10
75507; 22
47535; 22
86993; 9
96808; 38
65963; 7
38324; 21
81842; 16
93089; 13
11268; 5
79890; 10
66969; 3
33465; 1
61767; 1
22064; 18
54403; 31
82206; 40
91922; 41
20599; 13
84567; 30
68426; 30
23435; 28
11591; 39
78589; 10
61999; 20
95901; 18
79615; 45
44571; 29
2750; 6
54103; 1
94951; 18
19454; 23
70824; 23
46116; 33
20306; 17
53137; 19
11102; 28
51338; 22
12411; 9
66471; 26
49575; 17
82611; 43
68885; 22
39774; 18
64558; 22
31552; 12
95769; 13
13523; 27
626; 30
51245; 10
96099; 9
7832; 27
38182; 22
95437; 16
4930; 16
92397; 21
56530; 25
58375; 29
21187; 19
63509; 16
53356; 14
84415; 16
11744; 1
9803; 31
8495; 28
41567; 30
88108; 9
73373; 14
4889; 23
78095; 29
81117; 7
37898; 27
44614; 27
6319; 24
64025; 23
405; 24
22879; 14
82764; 19
99379; 28
8339; 32
47870; 14
78793; 6
10064; 21
68546; 7
19352; 10
60869; 28
99924; 20
59840; 20
3901; 24
24573; 7
74333; 25
5772; 29
69661; 7
51539; 17
36115; 27
89253; 25
68531; 6
83431; 26
57207; 19
15674; 19
78647; 25
32106; 16
51448; 23
56155; 42
45073; 33
70111; 37
98885; 26
27564; 17
81575; 17
70647; 42
96993; 1
90963; 13
21385; 26
91134; 19
39199; 25
75089; 32
29827; 24
19543; 22
46089; 12
56554; 17
16708; 33
27605; 29
99705; 27
53361; 19
11365; 23
55; 35
56312; 17
13408; 25
88251; 10
34052; 34
38029; 22
4608; 20
55959; 19
27907; 16
28709; 30
38261; 18
47562; 10
3268; 11
24478; 44
82334; 32
75180; 18
29895; 26
14291; 16
46274; 39
36644; 3
47174; 17
90928; 11
44001; 23
87159; 23
1506; 15
17798; 34
66725; 39
13855; 23
43702; 18
1959; 40
22221; 1
76112; 20
55553; 35
48727; 24
22207; 18
99560; 5
99681; 16
98277; 28
24467; 20
36630; 7
11831; 18
69626; 14
61349; 24
31558; 37
79750; 13
62383; 13
11299; 30
52732; 24
77776; 18
91656; 25
95047; 40
80265; 24
51287; 38
56519; 16
3106; 18
61691; 15
70155; 16
67411; 37
86213; 17
73675; 17
95340; 14
82875; 2
65360; 27
52620; 12
27761; 18
31014; 21
43043; 10
82074; 24
33593; 23
16065; 24
22391; 37
49820; 24
65128; 17
35472; 1
65793; 16
12531; 31
21332; 6
57862; 19
49676; 17
30904; 16
17258; 9
37298; 33
97078; 30
63142; 27
56433; 14
64209; 16
94641; 21
29681; 4
25373; 24
78396; 34
25684; 30
87055; 4
54368; 14
94483; 21
75980; 43
73798; 15
13667; 13
15221; 21
93892; 25
16246; 25
39219; 20
33035; 16
11493; 15
7165; 14
7090; 9
45193; 34
58326; 5
95068; 9
718; 28
32994; 1
24434; 22
47129; 62
40134; 9
80380; 37
54306; 20
73569; 31
67291; 7
32330; 22
78377; 12
26423; 22
6646; 23
18457; 30
13725; 16
10564; 16
45129; 25
92188; 38
90601; 45
69879; 28
648; 30
60911; 1
86439; 9
36488; 15
73265; 32
7489; 30
73984; 8
55902; 25
98179; 15
28529; 1
15173; 15
25999; 41
44672; 1
39794; 34
57421; 17
12718; 22
30144; 26
24147; 15
13940; 11
30360; 29
43378; 23
22431; 37
34745; 22
99380; 1
96191; 33
92656; 23
99976; 23
19575; 30
47590; 47
87896; 8
92181; 30
21540; 12
69593; 47
28286; 16
29200; 24
84301; 13
48840; 18
67507; 12
64298; 19
31998; 13
43149; 3
79148; 31
85172; 33
47522; 22
37144; 11
13338; 8
68489; 16
65996; 37
66104; 34
99043; 11
71584; 1
35980; 12
2177; 13
92408; 6
67963; 11
61300; 24
22081; 38
96541; 5
58255; 26
61388; 20
463; 20
3138; 19
13247; 1
13030; 13
98025; 24
31317; 16
30648; 15
61396; 1
38581; 21
64077; 2
12215; 34
13266; 17
94173; 51
7759; 20
92899; 5
50324; 24
22390; 30
24893; 32
78622; 20
25416; 45
25031; 13
15843; 30
74363; 29
29668; 26
22259; 19
49622; 27
9158; 3
43348; 23
61369; 4
69269; 20
89678; 40
8364; 33
4330; 15
22195; 16
39019; 20
85291; 24
63232; 27
90863; 20
2338; 26
82819; 18
77779; 41
24220; 21
25991; 14
72502; 33
53967; 28
95247; 8
41792; 11
26714; 23
8101; 26
35036; 31
13054; 38
42692; 60
85264; 25
18775; 25
24045; 3
40561; 9
46414; 20
4031; 44
19492; 15
48228; 28
43216; 3
46732; 27
25787; 22
11038; 17
24773; 1
45223; 7
10529; 5
89089; 28
45389; 32
87801; 8
62035; 1
30080; 20
67499; 23
4110; 32
95478; 18
30600; 1
78915; 1
45792; 6
17280; 16
23741; 33
68527; 18
46784; 22
4401; 30
55921; 36
29593; 13
38644; 34
80168; 19
40820; 41
84769; 11
21312; 17
93289; 36
3306; 21
52011; 1
14681; 20
31679; 23
51253; 18
95493; 19
41380; 26
27756; 22
38132; 27
30682; 9
16148; 33
36832; 21
4271; 9
77712; 19
42206; 20
95251; 47
9681; 41
82194; 1
39999; 16
89905; 18
96321; 10
47602; 14
58715; 24
95782; 1
42706; 24
48381; 28
45960; 17
63166; 30
98753; 20
17917; 26
75984; 22
61157; 24
13742; 16
30500; 9
61852; 27
9121; 24
95283; 1
21435; 20
1947; 28
52742; 18
62201; 28
14433; 38
36187; 32
66283; 20
79200; 9
50416; 7
12371; 17
87733; 11
86220; 4
36901; 21
88016; 23
18447; 23
60363; 24
62068; 51
18095; 46
43945; 38
73284; 14
42692; 35
4060; 13
57492; 32
31945; 8
40; 20
4536; 13
93115; 24
15604; 1
82909; 20
33091; 30
99687; 20
46953; 26
81921; 42
93456; 31
12722; 18
60271; 18
4227; 26
27591; 46
5522; 1
54508; 23
2760; 29
77001; 16
26320; 23
44167; 4
79172; 24
82667; 27
53050; 18
45895; 19
4602; 21
74005; 10
22393; 14
63653; 17
27414; 24
22236; 41
14743; 40
60377; 26
62037; 25
58552; 22
1718; 16
29006; 30
78071; 26
82478; 33
87873; 13
771; 12
33763; 11
10814; 29
3247; 23
53639; 31
23036; 29
42551; 9
28391; 25
8797; 11
30171; 4
40148; 13
58506; 1
28074; 19
11316; 16
52570; 42
38344; 14
50185; 27
46939; 31
30459; 25
24508; 29
28689; 15
34383; 13
8857; 28
56788; 32
59554; 27
14647; 16
57833; 20
45181; 14
11221; 41
52548; 1
26453; 5
4227; 25
95050; 14
14401; 35
30430; 6
91311; 1
39047; 12
12345; 6
58896; 25
30565; 18
52757; 16
9481; 20
646; 17
29009; 2
96220; 24
4933; 22
15267; 11
16577; 19
90870; 8
42998; 26
99540; 13
66676; 13
35279; 22
15512; 1
24495; 34
78888; 24
13630; 28
51571; 31
43527; 37
30503; 24
9813; 27
13760; 25
96939; 32
28474; 18
65031; 17
45015; 8
63336; 57
18474; 18
41807; 29
35274; 35
33224; 20
32676; 15
82289; 24
2045; 23
5233; 25
82892; 5
73737; 17
4040; 28
30347; 13
30733; 25
59079; 34
32007; 20
54512; 56
91410; 33
55443; 32
45913; 46
35053; 28
52826; 14
68534; 20
52605; 65
31247; 10
16595; 19
15762; 32
43105; 2
94472; 14
92638; 16
96011; 25
33660; 26
8315; 33
3987; 6
68927; 19
79705; 28
54020; 19
83436; 12
31629; 7
56876; 21
1683; 1
68693; 40
5730; 42
28201; 31
52570; 12
27659; 10
72558; 15
41628; 30
82957; 33
70482; 20
19459; 23
27019; 30
64885; 18
30028; 22
85091; 12
86756; 21
64203; 1
17403; 32
16586; 27
99089; 13
41320; 13
84173; 27
76468; 22
78387; 17
5026; 22
47918; 26
62236; 25
61410; 11
94790; 20
62768; 28
26474; 16
13760; 32
91923; 21
41549; 30
10411; 20
75643; 30
84994; 24
61191; 4
28796; 29
91080; 22
39893; 34
8039; 4
68987; 9
89718; 21
49923; 24
44692; 32
92152; 44
15372; 3
66323; 8
5034; 17
49466; 28
20447; 34
34612; 29
49079; 30
51184; 27
70367; 14
87127; 21
34277; 5
51507; 9
27168; 16
67175; 10
84925; 6
37109; 38
6389; 19
85161; 27
66316; 32
32216; 10
26391; 25
32100; 34
95280; 22
58149; 18
94269; 19
900; 16
43732; 22
10196; 36
97467; 14
90804; 18
16908; 36
39717; 1
95268; 29
95379; 17
12879; 17
54374; 23
29271; 1
99459; 19
95036; 22
74369; 22
97019; 34
35402; 12
34140; 27
7586; 27
57900; 1
74088; 25
1617; 18
31528; 28
65479; 5
51015; 4
20703; 6
94932; 23
45386; 8
52915; 19
7113; 20
76966; 44
62908; 40
15247; 6
55845; 27
66887; 34
49428; 7
5992; 8
55788; 21
52056; 32
81847; 17
96113; 1
38741; 35
27196; 17
34134; 26
42085; 18
94522; 23
62791; 18
45132; 31
30885; 14
8776; 6
95513; 2
71786; 14
62827; 15
5137; 5
28563; 12
21903; 17
72632; 45
98388; 9
54824; 11
85612; 16
14137; 1
90242; 6
40713; 17
9643; 40
59014; 43
64413; 34
33622; 29
83582; 29
84906; 25
62587; 19
80843; 28
32229; 23
53358; 1
47956; 23
72857; 8
33212; 47
2947; 30
87943; 30
48897; 28
3992; 22
7986; 69
12768; 30
27649; 20
27393; 15
78210; 23
31487; 11
51007; 17
9807; 19
99815; 14
12147; 1
53759; 6
91221; 31
43263; 7
57708; 36
97098; 34
51181; 24
88221; 37
34351; 25
28842; 16
79863; 23
41042; 10
33833; 9
58270; 34
8370; 10
45170; 14
76524; 17
58448; 36
17416; 20
9862; 11
86756; 15
33938; 27
68507; 10
7614; 16
97144; 45
16799; 24
26801; 7
15694; 27
63497; 19
78737; 21
69744; 36
2150; 16
96982; 38
72331; 32
660; 12
81712; 44
45165; 21
39198; 19
11412; 14
91949; 17
78577; 34
47999; 21
63278; 3
65100; 25
64445; 19
50183; 23
80197; 22
95947; 7
34227; 10
66345; 13
73508; 19
31131; 21
76594; 1
41096; 10
42330; 10
30304; 20
12496; 21
29341; 23
18726; 18
74502; 30
33959; 34
1844; 14
51790; 16
22129; 22
13240; 3
82985; 20
49793; 30
37948; 11
14005; 14
58580; 36
24534; 31
45467; 20
61140; 12
16676; 4
7034; 25
78108; 42
50863; 21
9199; 28
28723; 31
29554; 13
7759; 27
47343; 14
87234; 10
28665; 25
20389; 24
68607; 1
40985; 16
89341; 33
12110; 14
38347; 8
1648; 16
10750; 62
28744; 26
73754; 30
18678; 16
28276; 20
49742; 14
3143; 31
75027; 28
40611; 26
54484; 8
98431; 17
38179; 3
63358; 17
343; 41
43716; 18
35664; 37
84547; 22
94173; 22
27832; 7
49176; 13
22454; 14
63849; 23
73774; 1
46445; 7
11109; 24
61502; 17
42888; 20
94994; 19
63885; 24
55085; 22
76710; 1
26931; 12
90566; 35
89931; 4
64354; 16
48916; 4
68269; 3
26907; 1
48329; 30
16437; 20
91634; 17
88847; 16
6679; 16
16538; 35
52641; 20
71866; 1
74344; 14
28146; 28
25478; 1
3229; 23
91624; 15
54127; 11
56827; 37
52388; 22
92635; 31
44223; 19
86970; 27
26842; 23
71659; 23
52999; 45
52098; 36
9467; 12
90268; 17
1953; 18
43221; 36
18932; 27
13117; 13
39915; 15
22072; 4
99877; 1
85293; 24
20893; 25
19375; 36
74450; 18
89119; 12
43488; 24
65898; 33
11896; 17
43294; 26
21038; 22
31663; 15
97782; 11
32262; 19
76610; 34
73696; 16
9549; 25
78711; 21
82004; 47
17736; 6
29997; 28
97073; 8
84890; 1
24263; 38
55362; 1
90932; 31
93228; 2
14254; 18
79617; 1
82228; 16
11114; 1
55051; 15
61640; 1
85139; 16
45180; 35
31737; 20
6892; 27
62540; 16
25711; 17
54401; 18
20247; 13
27930; 21
11592; 36
76694; 1
11600; 14
80709; 14
73248; 14
26055; 15
60918; 41
87704; 26
72707; 34
71008; 24
74355; 10
48835; 8
84926; 1
75919; 20
88075; 27
9805; 1
29534; 30
18590; 1
1436; 21
9707; 14
7103; 11
71106; 33
46159; 28
76445; 24
59130; 23
69297; 29
23132; 19
7848; 20
95826; 1
21232; 4
63488; 19
1379; 22
60890; 16
30117; 25
95598; 1
20324; 17
27383; 23
31990; 21
24617; 10
9351; 1
43854; 20
73620; 26
56228; 25
97332; 5
74865; 20
80976; 11
21221; 37
50313; 20
5032; 27
93675; 33
82548; 31
62537; 26
753; 23
65793; 20
31496; 21
98393; 25
48740; 25
58428; 20
4619; 5
23189; 1
15509; 36
74413; 15
78068; 22
85646; 37
96959; 2
10554; 42
20960; 20
39993; 21
52192; 19
27808; 2
14425; 23
20559; 20
40702; 1
64765; 1
67982; 21
6754; 14
7084; 34
44845; 22
89861; 21
41326; 17
82399; 1
52591; 9
92943; 19
89786; 25
96334; 28
79449; 28
42932; 5
53891; 47
19303; 18
64426; 14
80414; 21
77080; 9
78621; 30
80025; 14
73438; 19
4748; 13
17903; 30
38832; 6
82264; 18
87248; 4
93821; 14
21158; 16
42911; 33
38519; 29
29358; 18
49121; 10
1157; 12
88223; 1
67707; 16
57564; 25
53621; 27
90286; 20
95946; 24
37190; 34
77570; 17
75732; 27
32646; 18
50318; 18
56100; 16
62698; 32
98528; 7
44633; 18
30319; 28
61528; 16
14330; 19
15342; 4
35181; 6
37833; 1
95024; 26
91107; 1
609; 10
21396; 41
34505; 17
44160; 26
24550; 27
73839; 19
99915; 8
49977; 31
49596; 4
52915; 38
79729; 19
46919; 2
99818; 34
36330; 23
54749; 18
71213; 28
59458; 7
92991; 19
86141; 20
67675; 22
102; 14
14551; 26
39667; 1
1563; 30
87997; 20
45159; 20
90240; 18
21946; 3
28131; 20
72307; 30
75949; 33
51987; 29
26739; 12
66643; 15
95693; 22
6526; 22
78856; 29
83667; 14
69569; 32
62355; 4
12565; 11
65185; 14
6144; 1
31573; 10
46588; 4
3415; 26
45767; 21
13416; 1
42846; 13
55640; 20
74047; 33
24953; 14
60642; 21
22288; 13
24643; 1
36029; 20
44101; 10
26341; 13
15514; 1
58860; 10
99503; 15
56961; 27
87755; 14
67658; 26
44166; 13
65218; 18
41176; 1
48689; 24
33500; 15
24813; 18
85746; 17
6138; 21
97884; 11
95694; 10
53064; 33
74188; 26
46006; 38
53445; 18
36975; 20
10698; 32
16303; 17
72342; 51
57496; 13
72865; 15
83144; 19
74975; 27
67169; 20
265; 23
49397; 20
86308; 14
43996; 32
55668; 7
82016; 26
55092; 20
40093; 22
99012; 27
72299; 26
30498; 16
80208; 46
94925; 16
27441; 38
6877; 35
29231; 15
79191; 30
25047; 44
74533; 33
72848; 28
34552; 30
87215; 23
39392; 6
80482; 26
51223; 29
55856; 29
99471; 29
44649; 24
72531; 41
75881; 22
91028; 19
15879; 42
51051; 1
17890; 20
42288; 21
77341; 30
65642; 27
97019; 12
97630; 25
28314; 29
74766; 26
69564; 27
135; 33
70635; 23
6477; 43
14049; 24
45375; 28
17286; 32
10493; 29
28351; 21
44348; 9
67228; 34
22703; 17
99550; 17
58426; 15
15660; 22
17544; 30
28115; 16
94236; 30
93816; 21
48601; 41
13098; 24
71342; 27
57447; 1
2840; 16
29949; 3
626; 23
68138; 28
18868; 16
57613; 14
36265; 14
36591; 12
44592; 24
36535; 30
89178; 3
22017; 28
34687; 6
64225; 17
14861; 16
6780; 23
13253; 28
60018; 24
13464; 19
90430; 36
52054; 14
55662; 19
5036; 37
72269; 38
39733; 29
93397; 11
67809; 13
16589; 16
42384; 37
38139; 14
52411; 21
19719; 45
80884; 18
35430; 32
9910; 36
23035; 15
75368; 28
71779; 14
96567; 26
41050; 3
32241; 1
19053; 24
43203; 15
98754; 27
74111; 25
69536; 31
2053; 22
97315; 18
38042; 31
93319; 30
9011; 13
52304; 23
92519; 26
74643; 26
24158; 21
73580; 7
48501; 23
8850; 20
38448; 31
80958; 17
64969; 23
66571; 25
59459; 17
74831; 29
74353; 19
56803; 8
14094; 3
5861; 22
78228; 32
45504; 11
31118; 14
12890; 16
88667; 1
11356; 34
91431; 28
23212; 1
15651; 22
45331; 15
58958; 13
34345; 1
25917; 8
25705; 36
30051; 15
21445; 24
23637; 21
25154; 26
64298; 24
39499; 20
28325; 23
31580; 16
84622; 13
14444; 23
50352; 9
89307; 24
59560; 32
42339; 28
89468; 15
92277; 16
5626; 1
40758; 1
6720; 27
85901; 18
72630; 15
21509; 23
45151; 31
59200; 42
99859; 25
78845; 12
99679; 23
33870; 19
55999; 17
12307; 31
61541; 8
81924; 1
698; 38
28318; 20
87696; 18
28544; 8
30657; 1
89699; 19
70573; 25
21777; 18
98135; 13
7218; 17
8560; 18
75736; 10
14764; 43
92342; 15
2621; 35
18925; 3
78570; 23
15299; 13
29432; 41
4340; 19
87074; 21
37629; 27
66429; 1
62986; 29
24381; 18
13325; 24
69158; 34
7448; 51
35137; 18
77743; 1
26314; 37
17154; 8
23249; 17
68386; 5
42860; 8
61982; 30
38257; 42
46734; 4
26629; 27
45835; 35
37253; 52
15232; 13
78778; 11
76842; 11
35224; 10
48606; 25
13500; 17
95807; 28
81734; 18
83617; 25
57386; 37
19568; 35
26804; 15
36423; 26
3815; 24
80887; 26
63916; 1
41662; 12
22775; 14
71522; 23
62997; 19
32426; 28
51495; 21
20121; 5
31302; 37
5234; 22
16295; 1
61577; 19
65065; 20
39174; 39
61019; 36
79484; 7
79829; 18
63338; 25
82469; 21
28333; 22
32321; 30
91692; 38
98215; 17
67098; 22
71791; 22
69528; 20
97169; 7
60838; 1
83682; 1
637; 18
48326; 25
31968; 59
13531; 17
49333; 13
68055; 18
67833; 26
83995; 26
36485; 22
71329; 9
16228; 12
42888; 16
73691; 12
57290; 43
25505; 17
5120; 27
4726; 39
4532; 29
10907; 17
76426; 18
48416; 42
76507; 8
53765; 24
71785; 20
62078; 22
62425; 18
65210; 46
66410; 21
69658; 13
4055; 15
71030; 24
42204; 7
23718; 18
83807; 10
99315; 35
17567; 19
95402; 11
74496; 9
77532; 9
73460; 23
11529; 24
76169; 17
70679; 13
13593; 1
82960; 7
90384; 1
17134; 15
21654; 13
93356; 48
7351; 29
43873; 27
3443; 9
42498; 35
6295; 16
67667; 11
26825; 4
63285; 17
94461; 8
13921; 28
97375; 27
56566; 26
35131; 39
9781; 31
32622; 25
12937; 24
40057; 25
33158; 17
22764; 23
15650; 16
26690; 28
24308; 41
90759; 8
43773; 42
65602; 23
91604; 32
89682; 18
19737; 54
68494; 18
68148; 10
223; 8
70419; 30
92172; 17
857; 34
16243; 15
95894; 23
58892; 25
78667; 7
31250; 13
65003; 4
18448; 19
31495; 24
63712; 25
81869; 28
2423; 19
56604; 31
84073; 21
92513; 17
45954; 17
53998; 24
31385; 1
25700; 31
77445; 18
77507; 15
32427; 10
87163; 31
1576; 13
33185; 28
61224; 12
51343; 41
26034; 41
81674; 36
1825; 18
19783; 32
7335; 15
26166; 29
2270; 18
40319; 16
16139; 4
92612; 11
32598; 23
6216; 15
47437; 1
33810; 11
84816; 15
79370; 44
26016; 16
14018; 27
77702; 20
6741; 33
82579; 20
55730; 17
54341; 24
24136; 11
916; 4
55262; 10
85285; 26
66500; 31
61524; 51
98778; 15
15219; 23
28843; 15
32045; 15
35402; 13
16032; 18
46950; 34
79943; 1
89064; 20
34185; 9
92012; 7
7785; 4
15702; 45
45258; 9
98324; 13
36524; 19
37485; 17
53574; 10
68180; 21
87187; 26
10671; 13
99785; 32
23115; 10
36339; 20
8769; 1
64319; 30
95635; 13
45726; 8
27618; 4
79570; 11
80567; 21
91487; 10
44042; 11
88722; 24
90174; 15
43318; 11
84719; 16
14108; 32
82187; 36
68992; 29
86898; 1
22980; 20
54867; 25
64608; 10
57607; 20
3594; 14
28272; 21
35978; 22
62998; 26
89489; 31
55842; 43
81524; 17
4465; 21
94858; 18
35454; 32
52099; 17
63175; 40
48903; 19
14089; 32
88092; 22
19652; 37
42057; 24
5251; 13
59242; 33
80060; 18
21968; 19
63270; 45
57519; 30
65825; 28
2140; 13
83645; 32
18492; 13
48222; 37
71112; 13
23554; 15
71545; 7
34594; 1
15074; 16
61673; 33
44363; 26
37819; 24
91808; 8
41461; 42
72052; 8
85682; 1
18840; 33
67025; 39
86297; 1
51777; 5
63701; 6
45728; 27
84949; 10
14604; 32
49187; 12
96670; 30
7425; 20
76469; 2
11497; 23
69185; 30
66316; 3
98862; 12
74160; 5
40491; 19
10595; 15
35922; 17
25622; 1
86646; 16
20812; 6
72655; 34
13393; 25
45932; 1
61669; 43
99532; 24
92646; 16
18823; 7
42359; 11
80105; 1
92157; 13
73671; 21
60079; 15
93300; 23
85469; 22
52250; 12
27078; 34
56998; 34
80188; 11
94300; 20
6657; 27
64579; 30
63278; 13
25219; 25
8498; 25
91040; 11
65271; 15
76024; 34
18719; 25
50342; 24
31264; 26
29744; 12
65034; 10
10630; 15
11595; 12
13373; 16
42429; 21
98956; 28
10109; 24
79525; 25
49723; 16
52151; 28
52869; 31
46934; 25
12417; 23
95487; 38
65239; 51
93940; 40
92227; 10
55770; 28
70205; 19
24096; 23
8668; 6
40503; 7
45836; 21
48047; 21
23109; 30
39759; 40
4771; 16
50809; 27
60672; 11
32407; 10
83625; 29
38602; 7
70366; 17
3330; 1
55205; 16
84364; 28
48852; 36
3277; 24
1420; 12
16096; 19
78230; 14
7987; 38
9793; 31
17180; 7
53237; 46
58227; 16
81438; 8
32800; 33
98239; 1
87389; 29
63420; 25
1617; 16
99423; 36
68278; 24
43375; 31
56835; 7
2565; 1
35737; 9
69278; 23
65796; 24
51780; 34
66751; 1
82257; 19
2251; 30
69619; 10
24666; 13
75345; 22
70439; 22
3940; 16
99168; 4
16047; 25
25125; 19
91910; 28
98661; 23
95631; 18
56725; 1
16543; 16
76679; 27
93019; 26
35672; 30
56176; 23
98988; 19
66181; 25
35155; 24
52246; 1
82995; 14
8905; 5
76374; 35
45785; 26
66133; 24
35856; 24
65447; 5
58006; 19
84838; 35
83797; 43
16124; 19
15387; 22
70769; 15
41868; 22
77429; 1
44621; 31
95915; 31
48823; 13
10385; 27
87849; 11
23225; 37
20090; 4
82959; 47
13543; 34
44397; 23
92585; 26
77363; 17
23444; 13
11481; 18
124; 22
28859; 34
80948; 23
93918; 27
17365; 32
40201; 29
11309; 18
17674; 18
35140; 19
40863; 13
49083; 19
68093; 45
55090; 2
85183; 12
33169; 23
63122; 22
16477; 22
8579; 12
74868; 27
28545; 24
93073; 8
85957; 13
49327; 20
31860; 1
23014; 30
61471; 19
85772; 17
56453; 23
59510; 22
43769; 22
56918; 29
22695; 9
55301; 13
85854; 24
92946; 29
87614; 21
18749; 43
93723; 32
70432; 35
79776; 9
4460; 26
32903; 26
51632; 22
51018; 18
26322; 43
27041; 15
74497; 17
51677; 1
5852; 22
67680; 40
18826; 28
60944; 25
93742; 24
79356; 18
98932; 27
29001; 24
27501; 25
9177; 30
58220; 14
12565; 20
13068; 20
35003; 34
66067; 4
10493; 25
43301; 18
11376; 22
42395; 31
31075; 22
91232; 20
97344; 13
60322; 28
47673; 6
40968; 11
35316; 15
2291; 36
24328; 18
44138; 46
75090; 20
70058; 22
17987; 16
14773; 24
62189; 18
73939; 19
88992; 21
516; 28
34656; 10
51693; 14
76463; 2
93036; 25
97440; 6
92455; 12
20222; 27
65556; 30
68517; 28
66078; 31
35896; 22
50379; 8
15888; 4
83307; 17
74845; 6
94293; 10
29590; 27
37146; 19
25542; 34
54759; 35
97864; 32
839; 18
38065; 28
24768; 20
81624; 10
82822; 20
78325; 15
99251; 15
6360; 48
64069; 15
43678; 55
20948; 6
15616; 21
68200; 40
96563; 25
68608; 18
55197; 22
39747; 7
97804; 20
75421; 10
82228; 21
30984; 18
46213; 21
90579; 31
18210; 11
22679; 24
56143; 15
21841; 23
90231; 31
29199; 23
29625; 16
22001; 20
29442; 48
63321; 33
4733; 32
7154; 19
20965; 31
61164; 24
86814; 37
19645; 24
24360; 1
92631; 14
94231; 26
73585; 16
8802; 21
7730; 21
75250; 7
45842; 9
72087; 29
94197; 22
77716; 14
382; 28
37642; 11
46784; 25
78162; 12
58859; 33
48644; 14
73620; 39
1990; 13
55339; 26
3412; 14
90025; 18
91356; 9
38055; 18
1210; 29
75171; 20
2414; 15
6077; 21
92585; 9
91992; 26
38549; 1
93793; 25
53404; 22
95707; 27
51246; 3
41089; 21
26714; 33
81375; 39
65226; 22
12120; 4
1572; 15
45857; 7
9503; 26
50558; 33
22983; 9
64575; 20
60996; 1
84216; 22
52095; 34
8472; 29
32331; 23
16932; 28
20772; 40
51542; 28
60485; 24
70605; 14
49715; 31
44343; 35
77900; 26
65274; 20
24238; 19
53869; 2
72724; 7
50132; 25
46873; 17
95179; 10
69803; 39
23366; 18
10913; 30
5163; 19
89070; 5
3707; 27
64062; 14
33857; 19
62983; 18
41590; 29
56313; 1
53670; 59
19630; 43
82812; 25
91200; 20
11935; 12
63166; 18
22569; 33
24571; 24
77169; 26
8205; 28
12780; 6
80014; 27
54426; 26
49815; 22
10572; 17
75078; 29
70141; 32
75755; 1
80830; 17
77440; 17
51850; 1
52597; 21
90690; 20
35141; 32
53186; 6
42369; 31
58876; 14
50044; 18
99534; 28
31367; 25
47771; 18
88659; 17
54726; 29
77762; 15
11099; 19
49453; 14
34196; 2
9666; 37
35129; 10
30817; 30
14952; 22
30275; 24
36279; 23
68802; 1
17781; 22
11739; 1
3009; 32
38786; 22
62058; 21
84405; 33
94904; 15
40199; 23
18570; 13
53061; 62
36826; 21
8450; 24
10723; 30
96837; 16
71035; 23
23204; 28
39549; 4
34386; 16
55164; 15
7139; 23
32870; 17
61002; 17
18940; 13
34328; 31
44050; 11
89307; 14
17544; 4
92387; 18
50686; 15
50146; 19
44495; 20
67537; 31
28655; 22
35336; 20
91957; 21
46697; 15
1905; 31
88911; 29
71347; 52
55784; 1
93361; 22
78493; 18
32157; 26
78326; 23
27366; 38
3441; 36
41847; 27
23551; 20
59019; 16
21417; 20
14733; 4
38086; 24
30824; 11
99997; 21
2742; 18
80402; 10
82029; 40
24990; 15
85930; 23
2157; 24
61040; 28
22085; 11
25646; 28
5562; 53
16314; 19
73476; 26
68250; 8
70923; 20
66121; 17
36108; 24
12257; 16
73501; 14
72545; 26
93177; 19
76809; 5
33815; 31
70143; 11
95530; 25
34359; 11
70545; 20
24638; 36
74605; 16
95464; 24
50171; 26
22027; 10
33550; 23
58574; 35
52487; 13
13522; 14
48165; 19
62704; 29
96123; 24
66684; 1
34300; 19
5891; 40
93233; 16
98164; 49
63361; 12
17310; 31
27479; 17
88427; 23
32555; 31
95957; 33
74447; 17
3861; 23
21514; 10
53775; 21
8644; 33
76649; 12
91955; 12
26127; 5
66218; 18
17805; 28
11991; 29
37493; 23
57534; 13
63763; 28
11754; 1
35292; 18
48748; 32
81904; 61
1961; 18
29715; 25
56526; 20
85415; 22
12068; 15
2462; 17
25044; 33
32875; 9
29653; 17
72268; 24
79408; 23
12951; 19
47655; 9
30120; 1
74636; 24
39599; 33
51140; 29
82040; 18
84351; 18
8161; 27
197; 17
62340; 21
98306; 13
87746; 27
90636; 22
5230; 16
22903; 18
50285; 21
99110; 15
87670; 24
3832; 20
61659; 12
44306; 37
81367; 30
14982; 28
85278; 24
20857; 32
76786; 20
82749; 17
73510; 18
87591; 6
67093; 19
39903; 13
47351; 14
16788; 17
4899; 15
28128; 16
89720; 34
36057; 22
69707; 22
93408; 10
2774; 32
19491; 4
8944; 35
43365; 12
4640; 30
9745; 26
40481; 18
60719; 10
65939; 2
77654; 7
29521; 23
91990; 39
11505; 20
51055; 22
77743; 20
55599; 18
37694; 22
69449; 14
87610; 8
38490; 12
20648; 11
46127; 20
89712; 21
75437; 15
15945; 14
44431; 16
46047; 30
30150; 22
74982; 12
99753; 18
67120; 27
22345; 21
28518; 17
43951; 6
5769; 6
69903; 21
12747; 20
13793; 17
15580; 31
40266; 37
38291; 20
50083; 28
86819; 48
30206; 14
27523; 11
19114; 24
97731; 58
18109; 23
70584; 33
13070; 16
44127; 29
57921; 8
75508; 31
11043; 30
35143; 26
8886; 26
12828; 31
7282; 20
68044; 17
20221; 55
80065; 30
38333; 32
19994; 33
14875; 21
36487; 1
65695; 30
19652; 29
41501; 11
83526; 46
95649; 30
86506; 16
88793; 15
91251; 27
42881; 13
50831; 13
81318; 18
96273; 25
69564; 28
92149; 33
990; 17
21496; 30
56513; 20
59102; 1
3333; 1
93075; 12
88076; 11
58611; 26
22652; 1
55005; 28
57389; 25
27223; 26
85279; 22
6697; 16
23638; 24
22533; 14
75021; 20
13961; 25
77971; 3
97564; 29
19941; 26
68769; 19
99703; 57
46014; 24
94638; 38
98198; 29
9440; 31
31236; 1
57145; 6
47930; 26
50788; 29
36871; 16
64592; 20
90725; 18
57261; 17
1992; 17
36778; 26
35225; 26
86048; 16
28678; 16
61790; 9
35510; 21
25271; 5
74892; 44
62808; 19
26776; 18
6372; 24
70559; 40
70240; 30
37533; 34
78281; 27
19735; 15
68327; 38
53719; 19
24990; 16
76755; 29
10354; 14
35104; 42
33189; 48
9254; 21
21613; 22
9401; 23
41595; 22
85950; 16
34259; 13
94444; 32
28615; 26
52078; 12
23196; 28
23849; 27
19989; 18
80370; 33
37133; 13
76535; 21
23047; 30
10462; 31
43955; 24
35500; 37
19231; 22
14638; 47
34548; 30
26237; 36
71504; 31
52776; 5
54216; 30
10196; 6
28313; 26
4407; 16
55834; 16
33662; 8
30716; 51
90768; 21
93876; 16
57452; 25
54345; 25
24744; 1
3458; 8
17825; 30
42817; 8
51586; 18
33539; 14
93981; 39
14258; 30
68295; 14
28416; 18
82554; 21
47558; 32
34570; 35
76664; 40
4486; 16
80020; 33
13202; 24
71643; 20
94665; 5
73026; 2
2806; 35
52736; 12
49727; 14
27371; 38
50793; 26
21438; 20
34407; 7
54896; 33
59450; 35
51447; 7
71836; 15
38074; 14
23041; 42
36903; 28
68166; 24
34177; 28
58810; 9
47895; 20
46918; 18
5674; 35
19775; 20
87403; 21
93446; 26
83491; 28
2206; 31
68796; 21
34902; 31
94786; 16
85675; 32
58035; 12
6101; 3
11862; 22
68580; 28
49717; 23
76663; 9
3884; 30
87014; 20
71113; 16
39843; 32
98013; 11
29888; 28
33318; 15
88413; 17
81618; 27
88184; 18
73678; 23
28015; 24
2194; 17
1243; 29
58615; 34
3351; 1
46637; 28
87969; 28
41009; 43
37622; 9
6510; 19
75835; 29
91256; 35
10584; 31
60937; 1
65600; 15
46164; 25
25638; 11
33778; 35
94607; 9
44812; 1
41313; 10
6714; 28
86567; 22
45524; 13
67570; 32
94887; 24
708; 32
43086; 6
52279; 21
16740; 26
18195; 22
30363; 26
8293; 21
14685; 26
28696; 20
73437; 25
56484; 28
8256; 7
4993; 32
94427; 19
85149; 44
86374; 37
78525; 23
81116; 21
51169; 2
70373; 32
53762; 28
67532; 21
73309; 27
4423; 26
24283; 14
54624; 23
93061; 22
54994; 25
78472; 24
65174; 18
3405; 14
25999; 3
7700; 26
52081; 2
70891; 19
21255; 22
54903; 1
4161; 21
1426; 18
10910; 25
66427; 10
18610; 26
25164; 38
83469; 35
35053; 17
34253; 29
877; 26
90064; 12
47072; 9
44742; 28
65212; 32
12603; 27
71312; 21
35823; 12
77210; 8
12448; 19
53009; 19
15830; 23
33496; 22
41254; 23
399; 17
33533; 21
54510; 14
20614; 1
76945; 1
2485; 39
67186; 5
22152; 19
37065; 24
76020; 25
34461; 16
4693; 32
68264; 1
42020; 15
7003; 18
90175; 14
27566; 48
31610; 25
97562; 22
84912; 39
85122; 18
60918; 22
3318; 23
77878; 1
12896; 20
50032; 27
26623; 15
72633; 15
81320; 16
88308; 3
69534; 24
34539; 23
51792; 21
40158; 19
2516; 17
59909; 27
77937; 30
10465; 22
32717; 39
98722; 32
53493; 18
13761; 31
22196; 19
87553; 16
69730; 29
16316; 30
31503; 7
74352; 13
70282; 30
45274; 19
88990; 25
41721; 16
16297; 11
83970; 10
11264; 35
60311; 15
99776; 20
97584; 22
25145; 36
29014; 28
68009; 13
58258; 20
66545; 30
83544; 23
46993; 23
63825; 11
56647; 24
80095; 31
76709; 42
69291; 18
80766; 20
85683; 23
96182; 14
75198; 15
20307; 15
31822; 24
41170; 34
42034; 27
13183; 41
13188; 18
42416; 25
24799; 33
43105; 17
37891; 31
37323; 33
46896; 6
83122; 29
61005; 20
32955; 26
57467; 8
43808; 27
58004; 27
83254; 15
41331; 36
1479; 33
19730; 1
68367; 30
75648; 20
6847; 4
75545; 1
88960; 12
52464; 24
99478; 14
76301; 20
13427; 21
11270; 40
78467; 10
93776; 15
40873; 29
50720; 13
4703; 20
18202; 1
67767; 14
13640; 58
35132; 20
60547; 40
71152; 9
64482; 27
14390; 9
91174; 13
46305; 26
3351; 35
74209; 31
71521; 37
61738; 36
85753; 17
15987; 30
60454; 21
19430; 19
42205; 30
76904; 25
1915; 1
33176; 21
16842; 25
4982; 14
25523; 6
62956; 12
69161; 1
93475; 11
16757; 28
68200; 16
8060; 1
49989; 38
38369; 16
67846; 22
52282; 29
703; 26
9661; 47
20088; 37
36436; 15
55109; 35
75272; 37
59692; 44
6713; 1
81632; 31
20113; 37
55779; 35
75448; 36
69550; 49
12093; 11
77969; 10
28667; 43
77575; 1
79273; 13
83759; 22
5761; 1
94515; 11
53091; 21
65053; 13
95425; 25
62382; 31
34299; 11
16706; 39
16998; 5
37356; 22
63249; 28
14999; 6
81360; 4
88981; 27
1178; 33
18911; 43
50509; 16
62994; 17
54117; 19
32096; 1
39968; 5
58174; 15
96081; 33
88453; 31
33165; 13
92600; 17
73169; 25
49171; 17
1917; 35
59709; 15
95223; 22
24150; 23
52167; 11
99550; 26
46678; 15
55678; 32
39114; 12
35613; 6
73251; 8
27269; 36
20870; 21
52638; 42
26108; 21
85536; 4
44789; 11
15785; 22
70141; 1
88003; 33
85618; 33
56557; 18
88015; 34
14742; 29
79586; 42
75869; 38
36605; 13
6717; 17
23603; 20
39651; 40
37473; 22
18747; 16
33680; 22
67378; 27
8028; 14
99953; 11
81733; 13
38920; 31
65006; 2
39600; 27
54902; 15
70091; 26
56907; 17
41209; 26
6519; 16
32306; 15
7043; 16
12849; 34
92885; 32
16716; 41
73814; 31
86474; 21
14975; 34
68233; 39
59885; 16
4221; 31
9223; 22
39814; 36
26870; 22
34539; 17
56535; 12
42417; 38
97191; 28
6056; 22
3645; 23
90994; 30
49737; 22
72064; 9
15989; 30
71942; 6
40972; 16
43515; 16
6206; 13
82369; 22
8125; 29
53420; 16
7428; 9
16601; 23
36110; 16
40544; 15
85492; 35
283; 19
94813; 36
65284; 17
9209; 13
97502; 40
78386; 27
95617; 23
22844; 25
41295; 9
3191; 18
26018; 17
89934; 32
62942; 1
46030; 22
17231; 8
2594; 14
20440; 22
29310; 23
69791; 45
75446; 26
51542; 29
84776; 17
69175; 14
68318; 19
1747; 37
52454; 43
65489; 17
6842; 1
2651; 9
96446; 28
75564; 24
95106; 7
1023; 32
44223; 18
20372; 21
39494; 18
64018; 40
81039; 24
35632; 30
27845; 23
10909; 21
56134; 38
18511; 28
33096; 28
46724; 28
82340; 9
98303; 27
35519; 1
98194; 29
35741; 9
43982; 10
82720; 28
77381; 20
87044; 35
46514; 18
31524; 17
23400; 25
21262; 6
38825; 21
40890; 15
97603; 20
27398; 30
41310; 13
10002; 31
32633; 18
64728; 4
45776; 17
80670; 15
60732; 12
37354; 31
75710; 25
48184; 5
71691; 13
33648; 28
85761; 7
49768; 35
75837; 27
12241; 22
88328; 15
24756; 18
72449; 21
41186; 16
20149; 17
65658; 25
48981; 43
21951; 37
86766; 14
4233; 13
61505; 23
54858; 26
47782; 29
1717; 12
71743; 4
27641; 18
30772; 22
37357; 3
41089; 10
33736; 36
86764; 20
14372; 1
7015; 1
51954; 18
25162; 9
27503; 1
92239; 7
44183; 30
91015; 16
61271; 22
22062; 33
52749; 21
72510; 1
13105; 36
50247; 9
4086; 21
51594; 31
60464; 24
18848; 31
50349; 19
35601; 17
16099; 29
2364; 30
5616; 20
32785; 26
40603; 32
11624; 11
58311; 31
59650; 23
6374; 34
57776; 8
66503; 6
92953; 13
32153; 24
1788; 1
67703; 16
4292; 13
32249; 12
39840; 26
59820; 48
40155; 11
49625; 15
5; 28
34899; 5
35326; 26
66956; 22
50596; 24
72290; 6
72533; 21
14820; 14
45595; 23
22892; 15
26238; 17
21148; 10
57528; 29
41104; 4
53455; 25
71088; 31
73188; 21
46125; 30
19481; 10
71412; 22
52607; 25
19255; 22
71438; 30
38608; 1
76642; 19
68825; 14
97520; 16
54807; 14
33593; 30
19393; 1
34822; 16
60676; 21
20226; 52
6870; 16
13652; 9
79415; 36
57598; 6
86186; 5
51221; 19
